20746
77278
56346
51681
91446
98689
26582
60801
95569
9782
55819
7025
40084
18356
22816
31644
40283
25893
5455
90762
7948
98743
16612
38726
18802
79173
9264
81980
14417
34316
62536
96832
70184
28248
71637
95981
36881
78653
78938
33575
6263
67255
15698
61147
45541
10876
66233
63410
76316
92525
82714
5236
17790
97226
98390
73489
37209
34710
69108
27096
17247
38683
51039
72505
65209
75508
70399
84613
99773
34545
52637
964
76595
54998
64063
68154
5154
75154
93681
36529
7274
77121
252
50529
50118
3492
7054
83619
17880
24353
48478
29013
27766
90668
72342
11181
32178
38699
36813
85366
53405
14338
40522
8962
34329
43755
53575
70415
78930
10729
93800
31598
9781
34927
64587
59671
45396
2105
50050
61940
84974
77960
94936
36162
97503
52000
94353
91371
73842
57961
10219
55285
83821
99748
36415
84738
94791
13119
76673
53510
27769
79991
35993
65608
40809
33439
60664
90105
77548
515
52411
8264
2440
30445
45420
61050
62740
39108
60934
44792
85031
11490
75510
75551
12549
45419
46989
69385
18362
97235
19437
45554
98420
62653
94830
63002
97260
11757
73288
3325
35506
93707
80148
77857
98538
80332
94957
10395
87057
63252
98125
10075
91497
96650
15764
12763
29312
59863
10756
78147
7815
6580
2250
17649
64634
34547
30427
15431
23784
4244
17233
66439
88531
19638
38920
30737
68748
802
15066
79322
69091
38794
14939
94620
97326
60026
85206
65095
76637
7508
22668
59604
14390
78665
95252
35680
28670
66605
31563
71760
72997
59554
34500
60679
74204
93511
81676
13320
39519
69548
23397
65046
84038
61103
45905
48748
39405
53200
41796
70053
44440
33391
54960
41892
67608
29156
4485
26716
79024
85985
12157
38489
35674
7866
21985
14464
97159
48905
26787
62636
75194
80689
81335
58113
52541
1278
47738
88469
90915
4876
27099
29310
94799
3737
45780
31811
38170
96706
32869
18492
70653
92605
21781
72610
25945
88290
18042
43406
20912
57755
85155
96795
91827
97231
5004
1812
2873
48792
16025
92689
20557
40451
78835
62957
94068
23091
46245
63136
40702
9942
76617
85238
85793
40430
58236
63147
60825
24455
65544
25724
62177
41098
86944
25424
78999
23411
12506
29139
87480
79189
7344
11217
14291
66635
28522
83426
23877
64730
83966
19546
91308
61639
20834
1799
92916
47212
83292
51202
29951
8983
98618
8959
78276
88236
14676
35494
17643
68896
65419
19251
30630
47974
87042
71571
39327
6131
47908
1458
39922
15457
25443
85031
18436
32014
5796
14983
48446
93318
2670
54784
75758
76579
19356
43844
78771
12749
52042
21440
38459
57207
6099
42331
54776
33921
65927
47870
46280
83883
61775
46516
71805
47154
3626
66295
17718
16582
32818
4061
10117
2940
46573
16051
12538
42941
57772
44241
94984
19538
85155
77215
30274
63829
37945
13076
86725
43756
57411
28538
51414
25550
14764
86632
43705
78357
55205
20905
44001
78805
27338
88496
66104
22653
68368
18121
91165
88846
10854
39030
11548
95234
84303
8278
40289
71593
17546
5643
82948
6717
85732
5650
54417
34520
1970
60095
63067
73475
12201
54837
25626
9893
90292
78739
16248
71472
41217
62117
5313
18281
40524
52664
18041
33978
13808
8135
56877
71818
49356
4171
45568
54840
44191
30495
28032
2877
91364
30927
27502
42895
78949
63566
64602
46020
71471
25558
52968
26093
99820
309
43339
37422
48077
34633
95677
89210
95419
63065
11222
4477
16599
76932
44017
41798
74909
74673
40594
76562
74781
96617
77966
99425
12064
18235
72494
46600
90746
23309
34691
1983
39655
91664
30353
34611
37099
9347
88862
31215
75455
97044
15431
57597
82102
96935
78664
23131
49897
95251
36945
46229
5519
17044
56680
21271
47978
19703
27427
67799
73017
46942
69848
83128
26128
75656
29428
2911
85476
61428
49650
98104
45494
36617
38615
94809
44478
37457
87946
50686
73653
81109
30523
87079
21026
9152
8718
73972
84762
62449
69415
5377
1451
96880
31213
96319
50346
46756
19529
79768
70647
27954
2270
12109
31600
86390
59866
39530
42504
38382
21819
28440
89675
30283
37737
34
22616
62784
55725
41469
11523
36802
89850
24501
87066
64140
45587
47589
51746
17621
32569
50959
93101
53082
69683
13647
31860
37936
10522
14251
77016
50064
45226
55571
3285
16777
26125
93638
64638
84456
32425
86570
2956
70582
10612
31929
94419
38556
32951
27529
92586
85555
31978
49933
37018
46984
82380
52464
3340
54124
77243
60800
67530
56270
34852
95704
13591
4448
42629
13378
43722
62305
24841
36634
12768
82116
57354
48645
43215
64196
53153
92227
47971
25503
85611
67521
56112
58487
24872
29129
81271
32938
96963
2230
39854
1599
54579
71236
45663
61231
63905
11730
30069
72429
71300
96044
32265
83536
95435
24874
71242
37874
72486
61789
96436
97199
4514
35286
34443
41164
61814
58408
9805
629
74844
12653
34943
24938
37716
29906
43160
82618
31970
79114
36655
92937
73398
73028
47806
87184
38301
15093
16678
30524
75627
32307
39556
67959
16471
81429
72436
54840
31371
45158
45463
95245
80633
15211
37886
81307
96628
79505
74648
42423
22770
4687
43954
45915
23676
46749
87775
70564
2424
49353
4799
11216
83
56717
8620
9194
64970
33375
34390
63182
88666
95575
69530
28157
32785
36679
76820
48000
76949
40902
97758
25859
97448
33287
13883
25353
29781
70487
30579
71366
12944
2420
13613
96658
37732
49966
27298
13810
56424
82049
96843
53223
5594
14005
62264
25130
44918
92835
66330
78684
66167
31395
90950
27710
89154
52191
83612
12565
55327
4200
29138
54496
91094
54002
19535
41155
47997
52205
47886
19903
35433
79342
7117
37474
23335
24256
83466
83194
86978
41314
34258
93096
92877
33775
75721
8473
23875
87510
94674
26251
5936
85817
69440
6584
43627
14187
73313
49455
27255
75855
54423
44489
3066
48582
20997
80604
31658
38622
68758
69232
73526
51761
19948
17307
85616
39169
60339
91261
47220
68237
58480
78762
34601
40143
72529
78154
96209
26505
77719
32652
98138
88958
79817
12666
41458
52549
34487
81732
3529
62288
67446
93948
12828
97377
1986
92194
79328
29534
60538
62737
76972
10780
65385
10479
27436
77814
14488
31510
77495
22701
73759
11325
8968
6753
87222
18535
46210
85342
21661
5639
94359
85895
82614
94931
20879
20716
48687
97256
97503
33920
3917
9183
48116
35949
92322
19522
33093
72305
43773
82402